[[0.19999999999999998, 0.19999999999999998, 0.19999999999999998, 0.19999999999999998, 0.0, 0.0, 0.19999999999999998, 0.0, 0.0], [0.3246753246753247, 0.11688311688311687, 0.11688311688311687, 0.11688311688311687, 0.05194805194805193, 0.05194805194805193, 0.11688311688311687, 0.05194805194805193, 0.05194805194805193], [0.16373937677053824, 0.12747875354107652, 0.12747875354107646, 0.12747875354107652, 0.08158640226628895, 0.08158640226628895, 0.12747875354107646, 0.08158640226628895, 0.08158640226628895], [0.13624560516579728, 0.11583978675000574, 0.1158397867500057, 0.11583978675000574, 0.10009881195854495, 0.1000988119585449, 0.1158397867500057, 0.1000988119585449, 0.1000988119585449], [0.12005343036779442, 0.11349439211441473, 0.11349439211441469, 0.11349439211441473, 0.1064922502936367, 0.1064922502936367, 0.11349439211441469, 0.1064922502936367, 0.1064922502936367], [0.11483194627712781, 0.11198712117271847, 0.11198712117271847, 0.11198712117271847, 0.10930489225799957, 0.10930489225799957, 0.11198712117271847, 0.10930489225799957, 0.10930489225799957], [0.11255957812760568, 0.11147999946356085, 0.11147999946356085, 0.11147999946356082, 0.11038010600453776, 0.11038010600453776, 0.11147999946356085, 0.11038010600453776, 0.11038010600453776], [0.11169650651944853, 0.11125546472965687, 0.11125546472965687, 0.11125546472965687, 0.11082040864048098, 0.11082040864048096, 0.11125546472965687, 0.11082040864048096, 0.11082040864048096], [0.1113437639740374, 0.11116957002597984, 0.11116957002597984, 0.11116957002597984, 0.11099448898051079, 0.11099448898051081, 0.11116957002597984, 0.11099448898051081, 0.11099448898051074], [0.11120442358313148, 0.11113436361805527, 0.11113436361805527, 0.11113436361805527, 0.11106453048616181, 0.11106453048616181, 0.11113436361805527, 0.11106453048616181, 0.11106453048616181]]